1|600126.SH|1|1|1
1|600589.SH|1|2|2
1|603949.SH|1|3|3
0|300561.SZ|1|4|4
1|600571.SH|1|5|5
0|002329.SZ|1|6|6
0|002553.SZ|1|7|7
1|603690.SH|1|8|8
0|301396.SZ|1|9|9
1|601069.SH|1|10|10
1|600081.SH|1|11|11
1|600797.SH|1|12|12
1|603579.SH|1|13|13
0|002132.SZ|1|14|14
1|600811.SH|1|15|15
1|603686.SH|1|16|16
1|603169.SH|1|17|17
0|000002.SZ|1|18|18
1|603011.SH|1|19|19
1|603300.SH|1|20|20
0|000880.SZ|1|21|21
0|002195.SZ|1|22|22
0|002655.SZ|1|23|23
0|002204.SZ|1|24|24
0|002549.SZ|1|25|25
0|300687.SZ|1|26|26
1|600610.SH|1|27|27
1|600705.SH|1|28|28
1|600095.SH|1|29|29
1|600602.SH|1|30|30
0|002165.SZ|1|31|31
1|603693.SH|1|32|32
0|000601.SZ|1|33|33
0|002639.SZ|1|34|34
0|002261.SZ|1|35|35
1|603881.SH|1|36|36
1|601519.SH|1|37|37
1|600965.SH|1|38|38
1|600580.SH|1|39|39
1|603353.SH|1|40|40
0|002093.SZ|1|41|41
0|000025.SZ|1|42|42
0|002342.SZ|1|43|43
0|301616.SZ|1|44|44
1|601933.SH|1|45|45
0|001333.SZ|1|46|46
1|603985.SH|1|47|47
0|000678.SZ|1|48|48
0|300611.SZ|1|49|49
1|603893.SH|1|50|50
0|300100.SZ|1|51|51
0|002278.SZ|1|52|52
0|002851.SZ|1|53|53
0|002640.SZ|1|54|54
1|600370.SH|1|55|55
0|001258.SZ|1|56|56
0|301613.SZ|1|57|57
1|601608.SH|1|58|58
0|000958.SZ|1|59|59
0|300260.SZ|1|60|60
0|300738.SZ|1|61|61
0|300809.SZ|1|62|62
1|605588.SH|1|63|63
0|000953.SZ|1|64|64
0|300153.SZ|1|65|65
0|002115.SZ|1|66|66
1|600289.SH|1|67|67
1|600105.SH|1|68|68
1|601890.SH|1|69|69
1|601012.SH|1|70|70
0|301535.SZ|1|71|71
1|600171.SH|1|72|72
1|600418.SH|1|73|73
1|601939.SH|1|74|74
0|002276.SZ|1|75|75
1|600318.SH|1|76|76
0|300170.SZ|1|77|77
0|000333.SZ|1|78|78
0|300846.SZ|1|79|79
0|002427.SZ|1|80|80
0|300718.SZ|1|81|81
0|000558.SZ|1|82|82
0|000715.SZ|1|83|83
1|600988.SH|1|84|84
0|000063.SZ|1|85|85
0|300248.SZ|1|86|86
1|600839.SH|1|87|87
1|600027.SH|1|88|88
1|600101.SH|1|89|89
0|300421.SZ|1|90|90
0|000837.SZ|1|91|91
0|002300.SZ|1|92|92
0|002708.SZ|1|93|93
0|300059.SZ|1|94|94
0|300353.SZ|1|95|95
0|002031.SZ|1|96|96
1|603019.SH|1|97|97
0|001217.SZ|1|98|98
1|603236.SH|1|99|99
0|000158.SZ|1|100|100
0|002245.SZ|1|101|101
0|000338.SZ|1|102|102
0|000633.SZ|1|103|103
0|002196.SZ|1|104|104
0|002290.SZ|1|105|105
0|002459.SZ|1|106|106
0|000555.SZ|1|107|107
0|000524.SZ|1|108|108
0|002415.SZ|1|109|109
0|002371.SZ|1|110|110
0|001359.SZ|1|111|111
0|002489.SZ|1|112|112
0|002475.SZ|1|113|113
0|002049.SZ|1|114|114
0|002271.SZ|1|115|115
0|000725.SZ|1|116|116
0|002354.SZ|1|117|117
0|000981.SZ|1|118|118
0|000591.SZ|1|119|119
0|000100.SZ|1|120|120
0|002352.SZ|1|121|121
0|002155.SZ|1|122|122
0|001269.SZ|1|123|123
0|000967.SZ|1|124|124
0|001979.SZ|1|125|125
0|000612.SZ|1|126|126
0|000785.SZ|1|127|127
0|002400.SZ|1|128|128
0|000801.SZ|1|129|129
0|002086.SZ|1|130|130
0|002163.SZ|1|131|131
0|000001.SZ|1|132|132
0|002369.SZ|1|133|133
0|002185.SZ|1|134|134
0|000656.SZ|1|135|135
0|002281.SZ|1|136|136
0|000488.SZ|1|137|137
0|002129.SZ|1|138|138
0|000595.SZ|1|139|139
0|002156.SZ|1|140|140
0|000796.SZ|1|141|141
0|000791.SZ|1|142|142
0|002054.SZ|1|143|143
0|000584.SZ|1|144|144
0|000957.SZ|1|145|145
0|002426.SZ|1|146|146
0|000506.SZ|1|147|147
0|002402.SZ|1|148|148
0|002515.SZ|1|149|149
0|000882.SZ|1|150|150
0|002272.SZ|1|151|151
0|000887.SZ|1|152|152
0|002237.SZ|1|153|153
0|002265.SZ|1|154|154
0|000768.SZ|1|155|155
0|000833.SZ|1|156|156
0|002175.SZ|1|157|157
0|002460.SZ|1|158|158
0|000573.SZ|1|159|159
0|002024.SZ|1|160|160
0|000039.SZ|1|161|161
0|002164.SZ|1|162|162
0|000040.SZ|1|163|163
0|001339.SZ|1|164|164
0|000564.SZ|1|165|165
0|000795.SZ|1|166|166
0|000045.SZ|1|167|167
0|000099.SZ|1|168|168
0|002273.SZ|1|169|169
0|000016.SZ|1|170|170
0|000568.SZ|1|171|171
0|001309.SZ|1|172|172
0|002124.SZ|1|173|173
0|002277.SZ|1|174|174
0|002202.SZ|1|175|175
0|002448.SZ|1|176|176
0|002076.SZ|1|177|177
0|002405.SZ|1|178|178
0|002044.SZ|1|179|179
0|000799.SZ|1|180|180
0|000888.SZ|1|181|181
0|002279.SZ|1|182|182
0|000903.SZ|1|183|183
0|002466.SZ|1|184|184
0|000032.SZ|1|185|185
0|001317.SZ|1|186|186
0|000917.SZ|1|187|187
0|002439.SZ|1|188|188
0|000528.SZ|1|189|189
0|000899.SZ|1|190|190
0|002420.SZ|1|191|191
0|000859.SZ|1|192|192
0|002036.SZ|1|193|193
0|002501.SZ|1|194|194
0|000400.SZ|1|195|195
0|000600.SZ|1|196|196
0|001236.SZ|1|197|197
0|002229.SZ|1|198|198
0|000592.SZ|1|199|199
0|000969.SZ|1|200|200
0|002085.SZ|1|201|201
0|301082.SZ|1|202|202
0|301052.SZ|1|203|203
1|603999.SH|1|204|204
0|002801.SZ|1|205|205
1|601177.SH|1|206|206
1|603496.SH|1|207|207
0|000858.SZ|1|208|208
1|600519.SH|1|209|209
0|000533.SZ|1|210|210
1|600202.SH|1|211|211
1|603321.SH|1|212|212
0|000938.SZ|1|213|213
0|002361.SZ|1|214|214
0|002062.SZ|1|215|215
0|000062.SZ|1|216|216
1|601857.SH|1|217|217
0|000530.SZ|1|218|218
1|605255.SH|1|219|219
0|002338.SZ|1|220|220
0|002105.SZ|1|221|221
1|600733.SH|1|222|222
1|600592.SH|1|223|223
0|300344.SZ|1|224|224
0|301319.SZ|1|225|225
1|600104.SH|1|226|226
1|603062.SH|1|227|227
0|300276.SZ|1|228|228
0|000815.SZ|1|229|229
0|300065.SZ|1|230|230
0|001356.SZ|1|231|231
1|600021.SH|1|232|232
1|601138.SH|1|233|233
0|300274.SZ|1|234|234
1|600693.SH|1|235|235
1|600066.SH|1|236|236
0|000523.SZ|1|237|237
0|002692.SZ|1|238|238
1|603330.SH|1|239|239
0|002580.SZ|1|240|240
0|300446.SZ|1|241|241
0|300377.SZ|1|242|242
0|002463.SZ|1|243|243
0|000006.SZ|1|244|244
0|300308.SZ|1|245|245
1|688037.SH|1|246|246
0|300139.SZ|1|247|247
1|601688.SH|1|248|248
0|300895.SZ|1|249|249
1|601088.SH|1|250|250
1|600734.SH|1|251|251
0|002681.SZ|1|252|252
1|600584.SH|1|253|253
0|002658.SZ|1|254|254
1|601899.SH|1|255|255
0|300033.SZ|1|256|256
0|002629.SZ|1|257|257
1|688299.SH|1|258|258
1|601727.SH|1|259|259
0|002312.SZ|1|260|260
0|002529.SZ|1|261|261
0|002865.SZ|1|262|262
0|000034.SZ|1|263|263
0|300638.SZ|1|264|264
0|000681.SZ|1|265|265
1|688981.SH|1|266|266
1|600302.SH|1|267|267
1|600795.SH|1|268|268
0|002611.SZ|1|269|269
1|601888.SH|1|270|270
0|002292.SZ|1|271|271
0|002520.SZ|1|272|272
1|600030.SH|1|273|273
0|001289.SZ|1|274|274
0|002896.SZ|1|275|275
1|600060.SH|1|276|276
0|002863.SZ|1|277|277
1|601390.SH|1|278|278
0|002583.SZ|1|279|279
0|002614.SZ|1|280|280
0|000737.SZ|1|281|281
0|002767.SZ|1|282|282
0|002406.SZ|1|283|283
0|000422.SZ|1|284|284
1|601288.SH|1|285|285
0|000559.SZ|1|286|286
0|300133.SZ|1|287|287
0|000831.SZ|1|288|288
1|605011.SH|1|289|289
0|002173.SZ|1|290|290
0|000538.SZ|1|291|291
0|002364.SZ|1|292|292
0|002630.SZ|1|293|293
0|300378.SZ|1|294|294
1|601789.SH|1|295|295
0|300007.SZ|1|296|296
1|688018.SH|1|297|297
0|002570.SZ|1|298|298
0|002714.SZ|1|299|299
0|300117.SZ|1|300|300
0|000519.SZ|1|301|301
0|000876.SZ|1|302|302
0|002080.SZ|1|303|303
0|000816.SZ|1|304|304
0|002039.SZ|1|305|305
0|002387.SZ|1|306|306
0|002252.SZ|1|307|307
0|002262.SZ|1|308|308
0|000733.SZ|1|309|309
0|002127.SZ|1|310|310
0|000581.SZ|1|311|311
0|002284.SZ|1|312|312
0|000925.SZ|1|313|313
0|002003.SZ|1|314|314
0|000610.SZ|1|315|315
0|002046.SZ|1|316|316
0|000157.SZ|1|317|317
0|002457.SZ|1|318|318
0|002291.SZ|1|319|319
0|000736.SZ|1|320|320
0|002449.SZ|1|321|321
0|002510.SZ|1|322|322
0|000560.SZ|1|323|323
0|002057.SZ|1|324|324
0|002137.SZ|1|325|325
0|002418.SZ|1|326|326
0|000415.SZ|1|327|327
0|000993.SZ|1|328|328
0|002015.SZ|1|329|329
0|002424.SZ|1|330|330
0|000856.SZ|1|331|331
0|002429.SZ|1|332|332
0|002389.SZ|1|333|333
0|002283.SZ|1|334|334
0|002032.SZ|1|335|335
0|002112.SZ|1|336|336
0|001376.SZ|1|337|337
0|000525.SZ|1|338|338
0|002326.SZ|1|339|339
0|002368.SZ|1|340|340
0|000999.SZ|1|341|341
0|000543.SZ|1|342|342
0|002498.SZ|1|343|343
0|000570.SZ|1|344|344
0|001230.SZ|1|345|345
0|002478.SZ|1|346|346
0|002416.SZ|1|347|347
0|002027.SZ|1|348|348
0|002484.SZ|1|349|349
0|000875.SZ|1|350|350
0|002157.SZ|1|351|351
0|002199.SZ|1|352|352
0|001277.SZ|1|353|353
0|001395.SZ|1|354|354
0|002001.SZ|1|355|355
0|002120.SZ|1|356|356
0|000627.SZ|1|357|357
0|002337.SZ|1|358|358
0|000921.SZ|1|359|359
0|000829.SZ|1|360|360
0|000677.SZ|1|361|361
0|002055.SZ|1|362|362
0|002210.SZ|1|363|363
0|002179.SZ|1|364|364
0|002362.SZ|1|365|365
0|002103.SZ|1|366|366
0|002506.SZ|1|367|367
0|002197.SZ|1|368|368
0|001218.SZ|1|369|369
0|002176.SZ|1|370|370
0|002317.SZ|1|371|371
0|002042.SZ|1|372|372
0|002444.SZ|1|373|373
0|000886.SZ|1|374|374
0|002407.SZ|1|375|375
0|002250.SZ|1|376|376
0|001287.SZ|1|377|377
0|002445.SZ|1|378|378
0|002007.SZ|1|379|379
0|002373.SZ|1|380|380
0|002403.SZ|1|381|381
0|002487.SZ|1|382|382
0|002514.SZ|1|383|383
0|000156.SZ|1|384|384
0|000670.SZ|1|385|385
0|002442.SZ|1|386|386
0|002296.SZ|1|387|387
0|002421.SZ|1|388|388
0|002160.SZ|1|389|389
0|001208.SZ|1|390|390
0|000756.SZ|1|391|391
0|000983.SZ|1|392|392
0|002253.SZ|1|393|393
0|000429.SZ|1|394|394
0|002507.SZ|1|395|395
0|000972.SZ|1|396|396
0|002090.SZ|1|397|397
0|002056.SZ|1|398|398
0|000657.SZ|1|399|399
0|002398.SZ|1|400|400
0|002049.SZ|1|401|401
1|601717.SH|1|402|402
1|603315.SH|1|403|403
0|300671.SZ|1|404|404
1|603667.SH|1|405|405
0|002271.SZ|1|406|406
0|300058.SZ|1|407|407
0|300416.SZ|1|408|408
1|600843.SH|1|409|409
0|000725.SZ|1|410|410
1|601728.SH|1|411|411
1|601919.SH|1|412|412
0|301139.SZ|1|413|413
1|600579.SH|1|414|414
1|688608.SH|1|415|415
0|300459.SZ|1|416|416
1|605277.SH|1|417|417
0|002354.SZ|1|418|418
0|301032.SZ|1|419|419
0|300750.SZ|1|420|420
0|000981.SZ|1|421|421
0|300810.SZ|1|422|422
1|600487.SH|1|423|423
1|600590.SH|1|424|424
1|600522.SH|1|425|425
0|300840.SZ|1|426|426
0|000591.SZ|1|427|427
1|603638.SH|1|428|428
0|000100.SZ|1|429|429
0|300383.SZ|1|430|430
0|002600.SZ|1|431|431
0|002352.SZ|1|432|432
0|300641.SZ|1|433|433
0|002530.SZ|1|434|434
1|600208.SH|1|435|435
0|002155.SZ|1|436|436
0|300249.SZ|1|437|437
0|001269.SZ|1|438|438
0|300681.SZ|1|439|439
1|600941.SH|1|440|440
0|002943.SZ|1|441|441
1|600633.SH|1|442|442
0|000967.SZ|1|443|443
0|001979.SZ|1|444|444
0|002952.SZ|1|445|445
0|301261.SZ|1|446|446
1|601991.SH|1|447|447
0|300380.SZ|1|448|448
1|600558.SH|1|449|449
1|600875.SH|1|450|450
0|000612.SZ|1|451|451
1|600221.SH|1|452|452
0|000785.SZ|1|453|453
0|300200.SZ|1|454|454
0|002400.SZ|1|455|455
1|601881.SH|1|456|456
1|688256.SH|1|457|457
0|000801.SZ|1|458|458
0|002086.SZ|1|459|459
1|600120.SH|1|460|460
0|002163.SZ|1|461|461
1|600114.SH|1|462|462
0|002607.SZ|1|463|463
0|002996.SZ|1|464|464
0|300115.SZ|1|465|465
0|300857.SZ|1|466|466
0|300198.SZ|1|467|467
0|300091.SZ|1|468|468
0|000001.SZ|1|469|469
0|002369.SZ|1|470|470
1|601107.SH|1|471|471
0|002185.SZ|1|472|472
1|600480.SH|1|473|473
0|002559.SZ|1|474|474
1|603688.SH|1|475|475
1|603359.SH|1|476|476
1|600498.SH|1|477|477
0|000656.SZ|1|478|478
0|300355.SZ|1|479|479
1|603006.SH|1|480|480
0|002862.SZ|1|481|481
1|600470.SH|1|482|482
1|603099.SH|1|483|483
0|300763.SZ|1|484|484
0|002281.SZ|1|485|485
0|300753.SZ|1|486|486
1|600203.SH|1|487|487
1|600727.SH|1|488|488
1|603920.SH|1|489|489
0|000488.SZ|1|490|490
1|600759.SH|1|491|491
1|600702.SH|1|492|492
1|603938.SH|1|493|493
0|002774.SZ|1|494|494
未知|920029.BJ|1|495|495
0|002129.SZ|1|496|496
0|301565.SZ|1|497|497
0|000595.SZ|1|498|498
1|601595.SH|1|499|499
1|600089.SH|1|500|500
1|600016.SH|1|501|501
1|603357.SH|1|502|502
1|600310.SH|1|503|503
1|601668.SH|1|504|504
1|600372.SH|1|505|505
0|300442.SZ|1|506|506
1|601985.SH|1|507|507
0|002156.SZ|1|508|508
0|300180.SZ|1|509|509
0|002881.SZ|1|510|510
1|603928.SH|1|511|511
1|605499.SH|1|512|512
1|603993.SH|1|513|513
0|000796.SZ|1|514|514
1|603098.SH|1|515|515
0|000791.SZ|1|516|516
0|002690.SZ|1|517|517
1|603005.SH|1|518|518
0|300310.SZ|1|519|519
0|002054.SZ|1|520|520
0|000584.SZ|1|521|521
1|603789.SH|1|522|522
2|839493.BJ|1|523|523
1|601162.SH|1|524|524
0|000957.SZ|1|525|525
1|600502.SH|1|526|526
0|002526.SZ|1|527|527
1|603598.SH|1|528|528
0|002979.SZ|1|529|529
1|603207.SH|1|530|530
1|600456.SH|1|531|531
1|603912.SH|1|532|532
1|600206.SH|1|533|533
0|002426.SZ|1|534|534
0|000506.SZ|1|535|535
1|603039.SH|1|536|536
1|600887.SH|1|537|537
1|605488.SH|1|538|538
1|688222.SH|1|539|539
1|603799.SH|1|540|540
0|300603.SZ|1|541|541
1|605179.SH|1|542|542
0|300398.SZ|1|543|543
0|300786.SZ|1|544|544
0|003025.SZ|1|545|545
0|300541.SZ|1|546|546
0|002402.SZ|1|547|547
0|002515.SZ|1|548|548
1|600212.SH|1|549|549
0|300052.SZ|1|550|550
0|300454.SZ|1|551|551
0|301013.SZ|1|552|552
0|000882.SZ|1|553|553
0|002837.SZ|1|554|554
0|300444.SZ|1|555|555
0|002749.SZ|1|556|556
0|300296.SZ|1|557|557
0|002272.SZ|1|558|558
0|300607.SZ|1|559|559
1|600048.SH|1|560|560
1|688228.SH|1|561|561
1|600698.SH|1|562|562
1|603767.SH|1|563|563
0|300125.SZ|1|564|564
0|000887.SZ|1|565|565
1|600696.SH|1|566|566
1|600868.SH|1|567|567
1|603073.SH|1|568|568
0|300084.SZ|1|569|569
0|300885.SZ|1|570|570
0|300047.SZ|1|571|571
1|600611.SH|1|572|572
1|600533.SH|1|573|573
1|603088.SH|1|574|574
0|300245.SZ|1|575|575
0|002747.SZ|1|576|576
1|601811.SH|1|577|577
1|600728.SH|1|578|578
0|002237.SZ|1|579|579
0|002265.SZ|1|580|580
0|000768.SZ|1|581|581
1|603477.SH|1|582|582
1|601689.SH|1|583|583
1|601633.SH|1|584|584
1|605111.SH|1|585|585
1|688777.SH|1|586|586
1|600421.SH|1|587|587
0|002625.SZ|1|588|588
0|300827.SZ|1|589|589
0|301190.SZ|1|590|590
1|601399.SH|1|591|591
0|002712.SZ|1|592|592
0|003010.SZ|1|593|593
0|300068.SZ|1|594|594
0|000833.SZ|1|595|595
1|603286.SH|1|596|596
0|002175.SZ|1|597|597
1|600111.SH|1|598|598
1|600916.SH|1|599|599
1|600989.SH|1|600|600
0|002460.SZ|1|601|601
0|301127.SZ|1|602|602
0|003001.SZ|1|603|603
1|600666.SH|1|604|604
0|000573.SZ|1|605|605
0|002024.SZ|1|606|606
0|003028.SZ|1|607|607
0|002730.SZ|1|608|608
0|000039.SZ|1|609|609
1|601328.SH|1|610|610
0|002164.SZ|1|611|611
0|000040.SZ|1|612|612
0|003015.SZ|1|613|613
0|001339.SZ|1|614|614
1|601010.SH|1|615|615
1|601766.SH|1|616|616
1|603662.SH|1|617|617
0|000564.SZ|1|618|618
0|000795.SZ|1|619|619
0|300014.SZ|1|620|620
0|300801.SZ|1|621|621
1|600267.SH|1|622|622
0|002642.SZ|1|623|623
0|300926.SZ|1|624|624
0|300010.SZ|1|625|625
0|000045.SZ|1|626|626
0|000099.SZ|1|627|627
0|301137.SZ|1|628|628
1|688158.SH|1|629|629
1|601231.SH|1|630|630
1|600156.SH|1|631|631
0|301016.SZ|1|632|632
0|300721.SZ|1|633|633
0|002273.SZ|1|634|634
1|600363.SH|1|635|635
0|000016.SZ|1|636|636
0|301236.SZ|1|637|637
1|600141.SH|1|638|638
0|300475.SZ|1|639|639
1|600309.SH|1|640|640
0|002918.SZ|1|641|641
1|603360.SH|1|642|642
0|000568.SZ|1|643|643
1|600210.SH|1|644|644
1|600011.SH|1|645|645
2|833509.BJ|1|646|646
1|600686.SH|1|647|647
0|301395.SZ|1|648|648
0|001309.SZ|1|649|649
1|601226.SH|1|650|650
1|603206.SH|1|651|651
0|300474.SZ|1|652|652
1|600191.SH|1|653|653
1|603395.SH|1|654|654
0|002124.SZ|1|655|655
0|300024.SZ|1|656|656
0|002277.SZ|1|657|657
0|002927.SZ|1|658|658
0|002202.SZ|1|659|659
1|601208.SH|1|660|660
0|300077.SZ|1|661|661
0|003021.SZ|1|662|662
0|002773.SZ|1|663|663
0|002448.SZ|1|664|664
0|002076.SZ|1|665|665
0|002405.SZ|1|666|666
1|688186.SH|1|667|667
0|002044.SZ|1|668|668
0|000799.SZ|1|669|669
0|000888.SZ|1|670|670
0|002279.SZ|1|671|671
1|600518.SH|1|672|672
0|002575.SZ|1|673|673
0|300443.SZ|1|674|674
0|300938.SZ|1|675|675
1|600348.SH|1|676|676
0|300253.SZ|1|677|677
0|000903.SZ|1|678|678
1|600088.SH|1|679|679
0|300666.SZ|1|680|680
0|300674.SZ|1|681|681
0|300124.SZ|1|682|682
0|002551.SZ|1|683|683
0|002695.SZ|1|684|684
0|301539.SZ|1|685|685
1|600460.SH|1|686|686
1|600362.SH|1|687|687
0|002466.SZ|1|688|688
0|003039.SZ|1|689|689
1|600403.SH|1|690|690
1|601989.SH|1|691|691
1|603139.SH|1|692|692
0|000032.SZ|1|693|693
0|300229.SZ|1|694|694
0|002733.SZ|1|695|695
0|300031.SZ|1|696|696
1|603124.SH|1|697|697
1|601083.SH|1|698|698
0|002555.SZ|1|699|699
1|688096.SH|1|700|700
1|600800.SH|1|701|701
1|600143.SH|1|702|702
1|603416.SH|1|703|703
1|601229.SH|1|704|704
1|600255.SH|1|705|705
1|603228.SH|1|706|706
0|002922.SZ|1|707|707
0|001317.SZ|1|708|708
0|300265.SZ|1|709|709
1|600188.SH|1|710|710
1|600031.SH|1|711|711
0|000917.SZ|1|712|712
1|600073.SH|1|713|713
1|600100.SH|1|714|714
0|300975.SZ|1|715|715
0|002703.SZ|1|716|716
1|603125.SH|1|717|717
1|601878.SH|1|718|718
1|603956.SH|1|719|719
1|605117.SH|1|720|720
0|300466.SZ|1|721|721
0|300777.SZ|1|722|722
0|300166.SZ|1|723|723
0|301228.SZ|1|724|724
0|002439.SZ|1|725|725
0|000528.SZ|1|726|726
0|000899.SZ|1|727|727
2|839273.BJ|1|728|728
1|600243.SH|1|729|729
0|002420.SZ|1|730|730
0|000859.SZ|1|731|731
0|002036.SZ|1|732|732
1|600288.SH|1|733|733
0|301101.SZ|1|734|734
0|002501.SZ|1|735|735
1|600397.SH|1|736|736
0|000400.SZ|1|737|737
0|002755.SZ|1|738|738
1|600250.SH|1|739|739
0|000600.SZ|1|740|740
0|001236.SZ|1|741|741
1|600025.SH|1|742|742
1|688332.SH|1|743|743
0|002229.SZ|1|744|744
0|000592.SZ|1|745|745
0|300113.SZ|1|746|746
0|002523.SZ|1|747|747
0|300430.SZ|1|748|748
1|600028.SH|1|749|749
0|000969.SZ|1|750|750
0|300233.SZ|1|751|751
0|300040.SZ|1|752|752
1|603716.SH|1|753|753
1|603090.SH|1|754|754
1|605199.SH|1|755|755
0|002367.SZ|1|756|756
1|601872.SH|1|757|757
0|300403.SZ|1|758|758
0|000021.SZ|1|759|759
0|000710.SZ|1|760|760
0|000822.SZ|1|761|761
1|600722.SH|1|762|762
0|000960.SZ|1|763|763
1|600895.SH|1|764|764
0|002527.SZ|1|765|765
0|300758.SZ|1|766|766
1|600228.SH|1|767|767
0|000048.SZ|1|768|768
0|300760.SZ|1|769|769
0|002709.SZ|1|770|770
0|301000.SZ|1|771|771
1|600703.SH|1|772|772
1|600718.SH|1|773|773
1|600196.SH|1|774|774
0|002961.SZ|1|775|775
0|000430.SZ|1|776|776
1|605398.SH|1|777|777
0|300238.SZ|1|778|778
0|002667.SZ|1|779|779
0|300004.SZ|1|780|780
0|300147.SZ|1|781|781
0|301025.SZ|1|782|782
0|002238.SZ|1|783|783
0|300783.SZ|1|784|784
1|601028.SH|1|785|785
0|300015.SZ|1|786|786
0|300394.SZ|1|787|787
未知|920002.BJ|1|788|788
0|300953.SZ|1|789|789
0|002146.SZ|1|790|790
1|601211.SH|1|791|791
1|603618.SH|1|792|792
0|000810.SZ|1|793|793
1|600577.SH|1|794|794
1|688521.SH|1|795|795
0|300223.SZ|1|796|796
0|300418.SZ|1|797|797
1|600121.SH|1|798|798
0|003816.SZ|1|799|799
0|000630.SZ|1|800|800
0|300699.SZ|1|801|801
0|300844.SZ|1|802|802
0|300254.SZ|1|803|803
0|300767.SZ|1|804|804
0|301509.SZ|1|805|805
0|301078.SZ|1|806|806
1|600200.SH|1|807|807
0|000721.SZ|1|808|808
0|000723.SZ|1|809|809
1|603296.SH|1|810|810
1|600967.SH|1|811|811
0|300429.SZ|1|812|812
1|688220.SH|1|813|813
0|002184.SZ|1|814|814
0|002847.SZ|1|815|815
0|000155.SZ|1|816|816
0|300472.SZ|1|817|817
0|000975.SZ|1|818|818
0|001239.SZ|1|819|819
1|688008.SH|1|820|820
0|002654.SZ|1|821|821
0|002182.SZ|1|822|822
0|000410.SZ|1|823|823
0|002797.SZ|1|824|824
0|300569.SZ|1|825|825
1|600406.SH|1|826|826
1|600745.SH|1|827|827
1|600023.SH|1|828|828
0|002119.SZ|1|829|829
0|300409.SZ|1|830|830
0|300697.SZ|1|831|831
0|300792.SZ|1|832|832
1|600390.SH|1|833|833
0|301367.SZ|1|834|834
0|002340.SZ|1|835|835
0|002162.SZ|1|836|836
0|301275.SZ|1|837|837
1|603918.SH|1|838|838
0|300946.SZ|1|839|839
0|002891.SZ|1|840|840
0|300537.SZ|1|841|841
1|603009.SH|1|842|842
1|600506.SH|1|843|843
0|002578.SZ|1|844|844
0|300373.SZ|1|845|845
0|002965.SZ|1|846|846
0|002140.SZ|1|847|847
0|001335.SZ|1|848|848
1|601298.SH|1|849|849
0|300931.SZ|1|850|850
0|002916.SZ|1|851|851
1|600810.SH|1|852|852
1|600884.SH|1|853|853
0|301348.SZ|1|854|854
1|600391.SH|1|855|855
0|301067.SZ|1|856|856
1|600537.SH|1|857|857
1|601136.SH|1|858|858
0|000980.SZ|1|859|859
1|601186.SH|1|860|860
0|000722.SZ|1|861|861
0|002167.SZ|1|862|862
1|603119.SH|1|863|863
0|300859.SZ|1|864|864
0|301279.SZ|1|865|865
0|300122.SZ|1|866|866
1|601000.SH|1|867|867
1|600367.SH|1|868|868
1|603776.SH|1|869|869
0|000716.SZ|1|870|870
0|002180.SZ|1|871|871
0|002512.SZ|1|872|872
1|600505.SH|1|873|873
0|002248.SZ|1|874|874
0|002455.SZ|1|875|875
0|002436.SZ|1|876|876
0|300042.SZ|1|877|877
0|300798.SZ|1|878|878
0|300175.SZ|1|879|879
2|831689.BJ|1|880|880
0|002384.SZ|1|881|881
1|603121.SH|1|882|882
0|000878.SZ|1|883|883
0|002187.SZ|1|884|884
1|600358.SH|1|885|885
1|600072.SH|1|886|886
1|600436.SH|1|887|887
0|300622.SZ|1|888|888
0|300705.SZ|1|889|889
0|000949.SZ|1|890|890
0|000792.SZ|1|891|891
0|300817.SZ|1|892|892
1|600779.SH|1|893|893
0|300967.SZ|1|894|894
0|000988.SZ|1|895|895
1|601600.SH|1|896|896
1|600329.SH|1|897|897
0|300961.SZ|1|898|898
1|603636.SH|1|899|899
1|600881.SH|1|900|900
0|002008.SZ|1|901|901
0|001298.SZ|1|902|902
1|600679.SH|1|903|903
0|002347.SZ|1|904|904
0|301393.SZ|1|905|905
1|688525.SH|1|906|906
1|601868.SH|1|907|907
1|603583.SH|1|908|908
1|601238.SH|1|909|909
0|300307.SZ|1|910|910
1|600227.SH|1|911|911
0|002716.SZ|1|912|912
1|603366.SH|1|913|913
0|002432.SZ|1|914|914
1|600886.SH|1|915|915
1|600809.SH|1|916|916
0|300514.SZ|1|917|917
0|301109.SZ|1|918|918
1|601216.SH|1|919|919
0|001318.SZ|1|920|920
1|688041.SH|1|921|921
0|300772.SZ|1|922|922
0|300258.SZ|1|923|923
1|600536.SH|1|924|924
1|688757.SH|1|925|925
0|002213.SZ|1|926|926
0|001299.SZ|1|927|927
1|600905.SH|1|928|928
0|002892.SZ|1|929|929
0|300432.SZ|1|930|930
0|301298.SZ|1|931|931
0|002074.SZ|1|932|932
0|300317.SZ|1|933|933
0|301118.SZ|1|934|934
1|603233.SH|1|935|935
0|002469.SZ|1|936|936
1|600528.SH|1|937|937
1|600187.SH|1|938|938
0|000628.SZ|1|939|939
0|002227.SZ|1|940|940
1|600968.SH|1|941|941
0|002409.SZ|1|942|942
1|605577.SH|1|943|943
0|000420.SZ|1|944|944
0|002370.SZ|1|945|945
1|600010.SH|1|946|946
0|300287.SZ|1|947|947
1|600892.SH|1|948|948
0|002423.SZ|1|949|949
0|301293.SZ|1|950|950
1|603028.SH|1|951|951
1|601500.SH|1|952|952
0|002269.SZ|1|953|953
1|603280.SH|1|954|954
0|002602.SZ|1|955|955
1|601929.SH|1|956|956
1|603527.SH|1|957|957
0|002593.SZ|1|958|958
1|603007.SH|1|959|959
0|300291.SZ|1|960|960
0|300477.SZ|1|961|961
1|600660.SH|1|962|962
1|603289.SH|1|963|963
0|002401.SZ|1|964|964
0|002152.SZ|1|965|965
0|300433.SZ|1|966|966
1|603530.SH|1|967|967
1|600223.SH|1|968|968
1|603409.SH|1|969|969
0|002791.SZ|1|970|970
0|002579.SZ|1|971|971
1|603171.SH|1|972|972
1|600835.SH|1|973|973
0|002668.SZ|1|974|974
1|601975.SH|1|975|975
1|601059.SH|1|976|976
1|605081.SH|1|977|977
1|600758.SH|1|978|978
0|002212.SZ|1|979|979
1|688661.SH|1|980|980
1|603075.SH|1|981|981
0|002166.SZ|1|982|982
0|301004.SZ|1|983|983
0|301382.SZ|1|984|984
0|002239.SZ|1|985|985
0|001328.SZ|1|986|986
0|300496.SZ|1|987|987
0|002867.SZ|1|988|988
0|300035.SZ|1|989|989
0|002304.SZ|1|990|990
1|601099.SH|1|991|991
0|300910.SZ|1|992|992
0|300021.SZ|1|993|993
0|000776.SZ|1|994|994
1|600821.SH|1|995|995
0|002467.SZ|1|996|996
0|002534.SZ|1|997|997
0|002183.SZ|1|998|998
0|000973.SZ|1|999|999
1|600600.SH|1|1000|1000
0|000521.SZ|1|1001|1001
1|605066.SH|1|1002|1002
1|600559.SH|1|1003|1003
1|603901.SH|1|1004|1004
0|301501.SZ|1|1005|1005
1|600368.SH|1|1006|1006
0|002490.SZ|1|1007|1007
1|601669.SH|1|1008|1008
1|688409.SH|1|1009|1009
0|300824.SZ|1|1010|1010
1|601865.SH|1|1011|1011
0|301362.SZ|1|1012|1012
0|301220.SZ|1|1013|1013
1|600096.SH|1|1014|1014
0|002547.SZ|1|1015|1015
0|002026.SZ|1|1016|1016
0|002077.SZ|1|1017|1017
0|002518.SZ|1|1018|1018
0|300782.SZ|1|1019|1019
0|300870.SZ|1|1020|1020
0|300213.SZ|1|1021|1021
1|600361.SH|1|1022|1022
0|000963.SZ|1|1023|1023
0|002139.SZ|1|1024|1024
0|301308.SZ|1|1025|1025
1|600319.SH|1|1026|1026
0|300812.SZ|1|1027|1027
1|601678.SH|1|1028|1028
0|301289.SZ|1|1029|1029
1|600861.SH|1|1030|1030
0|300534.SZ|1|1031|1031
0|000661.SZ|1|1032|1032
0|002707.SZ|1|1033|1033
0|002315.SZ|1|1034|1034
0|300573.SZ|1|1035|1035
1|603960.SH|1|1036|1036
1|600645.SH|1|1037|1037
0|000617.SZ|1|1038|1038
0|002441.SZ|1|1039|1039
0|300384.SZ|1|1040|1040
1|605378.SH|1|1041|1041
1|600233.SH|1|1042|1042
1|601179.SH|1|1043|1043
1|688111.SH|1|1044|1044
1|600335.SH|1|1045|1045
0|002363.SZ|1|1046|1046
0|300252.SZ|1|1047|1047
0|300184.SZ|1|1048|1048
1|603045.SH|1|1049|1049
0|301607.SZ|1|1050|1050
1|600405.SH|1|1051|1051
0|002428.SZ|1|1052|1052
1|600246.SH|1|1053|1053
1|600575.SH|1|1054|1054
1|600176.SH|1|1055|1055
0|300604.SZ|1|1056|1056
1|600825.SH|1|1057|1057
0|000951.SZ|1|1058|1058
1|603160.SH|1|1059|1059
1|600711.SH|1|1060|1060
0|300548.SZ|1|1061|1061
1|600520.SH|1|1062|1062
0|300256.SZ|1|1063|1063
0|002351.SZ|1|1064|1064
0|002178.SZ|1|1065|1065
1|603238.SH|1|1066|1066
0|002670.SZ|1|1067|1067
0|002313.SZ|1|1068|1068
0|300228.SZ|1|1069|1069
0|001202.SZ|1|1070|1070
1|605208.SH|1|1071|1071
0|301479.SZ|1|1072|1072
1|603271.SH|1|1073|1073
1|600172.SH|1|1074|1074
1|600018.SH|1|1075|1075
0|002599.SZ|1|1076|1076
1|600756.SH|1|1077|1077
0|300263.SZ|1|1078|1078
0|300896.SZ|1|1079|1079
1|601619.SH|1|1080|1080
1|600725.SH|1|1081|1081
0|000065.SZ|1|1082|1082
0|300735.SZ|1|1083|1083
0|300343.SZ|1|1084|1084
1|600428.SH|1|1085|1085
0|000905.SZ|1|1086|1086
1|603606.SH|1|1087|1087
0|002009.SZ|1|1088|1088
0|000727.SZ|1|1089|1089
1|603728.SH|1|1090|1090
0|300803.SZ|1|1091|1091
0|300364.SZ|1|1092|1092
0|300580.SZ|1|1093|1093
0|002094.SZ|1|1094|1094
0|002194.SZ|1|1095|1095
0|002298.SZ|1|1096|1096
1|605118.SH|1|1097|1097
0|300071.SZ|1|1098|1098
0|300179.SZ|1|1099|1099
0|300397.SZ|1|1100|1100
0|002472.SZ|1|1101|1101
1|601698.SH|1|1102|1102
1|600345.SH|1|1103|1103
1|603189.SH|1|1104|1104
0|002688.SZ|1|1105|1105
1|603063.SH|1|1106|1106
0|002145.SZ|1|1107|1107
1|603267.SH|1|1108|1108
0|002334.SZ|1|1109|1109
0|301602.SZ|1|1110|1110
0|300879.SZ|1|1111|1111
0|000793.SZ|1|1112|1112
1|600165.SH|1|1113|1113
0|300290.SZ|1|1114|1114
1|603112.SH|1|1115|1115
0|003007.SZ|1|1116|1116
1|688327.SH|1|1117|1117
0|002577.SZ|1|1118|1118
1|600642.SH|1|1119|1119
0|002063.SZ|1|1120|1120
0|002358.SZ|1|1121|1121
0|301158.SZ|1|1122|1122
1|600893.SH|1|1123|1123
0|000800.SZ|1|1124|1124
0|300748.SZ|1|1125|1125
1|600026.SH|1|1126|1126
1|601106.SH|1|1127|1127
1|600038.SH|1|1128|1128
1|603108.SH|1|1129|1129
0|300002.SZ|1|1130|1130
0|000895.SZ|1|1131|1131
0|300897.SZ|1|1132|1132
0|002126.SZ|1|1133|1133
1|600166.SH|1|1134|1134
0|300505.SZ|1|1135|1135
0|000550.SZ|1|1136|1136
1|600624.SH|1|1137|1137
0|300498.SZ|1|1138|1138
0|000519.SZ|1|1139|1139
1|603257.SH|1|1140|1140
0|000876.SZ|1|1141|1141
0|002080.SZ|1|1142|1142
1|600070.SH|1|1143|1143
1|600300.SH|1|1144|1144
1|600509.SH|1|1145|1145
0|301321.SZ|1|1146|1146
0|300363.SZ|1|1147|1147
0|000816.SZ|1|1148|1148
1|603663.SH|1|1149|1149
1|603083.SH|1|1150|1150
0|300019.SZ|1|1151|1151
0|002039.SZ|1|1152|1152
0|300479.SZ|1|1153|1153
1|600340.SH|1|1154|1154
0|002387.SZ|1|1155|1155
1|600552.SH|1|1156|1156
0|002786.SZ|1|1157|1157
0|002252.SZ|1|1158|1158
1|603181.SH|1|1159|1159
0|301089.SZ|1|1160|1160
0|002955.SZ|1|1161|1161
1|600392.SH|1|1162|1162
1|600576.SH|1|1163|1163
0|300473.SZ|1|1164|1164
0|002262.SZ|1|1165|1165
0|000733.SZ|1|1166|1166
0|300402.SZ|1|1167|1167
0|002603.SZ|1|1168|1168
0|300159.SZ|1|1169|1169
0|002812.SZ|1|1170|1170
1|603118.SH|1|1171|1171
1|600975.SH|1|1172|1172
1|601098.SH|1|1173|1173
1|600377.SH|1|1174|1174
0|002127.SZ|1|1175|1175
0|000581.SZ|1|1176|1176
0|300136.SZ|1|1177|1177
1|600844.SH|1|1178|1178
1|600420.SH|1|1179|1179
1|603217.SH|1|1180|1180
0|301165.SZ|1|1181|1181
1|601808.SH|1|1182|1182
1|600198.SH|1|1183|1183
0|002284.SZ|1|1184|1184
1|603659.SH|1|1185|1185
0|002760.SZ|1|1186|1186
1|601995.SH|1|1187|1187
0|300054.SZ|1|1188|1188
1|601137.SH|1|1189|1189
0|300715.SZ|1|1190|1190
1|601611.SH|1|1191|1191
1|601579.SH|1|1192|1192
0|002889.SZ|1|1193|1193
0|000925.SZ|1|1194|1194
0|300634.SZ|1|1195|1195
0|002789.SZ|1|1196|1196
1|688235.SH|1|1197|1197
0|002595.SZ|1|1198|1198
0|002003.SZ|1|1199|1199
1|600933.SH|1|1200|1200
1|688700.SH|1|1201|1201
1|601369.SH|1|1202|1202
1|688750.SH|1|1203|1203
未知|920128.BJ|1|1204|1204
1|603992.SH|1|1205|1205
1|603778.SH|1|1206|1206
1|603135.SH|1|1207|1207
2|830946.BJ|1|1208|1208
1|600987.SH|1|1209|1209
1|688167.SH|1|1210|1210
1|603558.SH|1|1211|1211
1|601133.SH|1|1212|1212
2|835207.BJ|1|1213|1213
1|688336.SH|1|1214|1214
1|603733.SH|1|1215|1215
1|603051.SH|1|1216|1216
2|831832.BJ|1|1217|1217
1|600794.SH|1|1218|1218
1|605196.SH|1|1219|1219
1|688219.SH|1|1220|1220
1|688160.SH|1|1221|1221
1|603115.SH|1|1222|1222
1|603367.SH|1|1223|1223
1|603586.SH|1|1224|1224
1|603165.SH|1|1225|1225
2|834058.BJ|1|1226|1226
1|603817.SH|1|1227|1227
1|601999.SH|1|1228|1228
1|601968.SH|1|1229|1229
1|601566.SH|1|1230|1230
1|603101.SH|1|1231|1231
未知|920008.BJ|1|1232|1232
1|603768.SH|1|1233|1233
1|603668.SH|1|1234|1234
1|688200.SH|1|1235|1235
1|603052.SH|1|1236|1236
1|603277.SH|1|1237|1237
1|603787.SH|1|1238|1238
1|688127.SH|1|1239|1239
1|603551.SH|1|1240|1240
1|688155.SH|1|1241|1241
1|688432.SH|1|1242|1242
1|603231.SH|1|1243|1243
1|600917.SH|1|1244|1244
1|688668.SH|1|1245|1245
1|688788.SH|1|1246|1246
1|688276.SH|1|1247|1247
1|603187.SH|1|1248|1248
1|603137.SH|1|1249|1249
1|688025.SH|1|1250|1250
1|688360.SH|1|1251|1251
1|688305.SH|1|1252|1252
2|873706.BJ|1|1253|1253
1|600826.SH|1|1254|1254
1|605116.SH|1|1255|1255
1|603017.SH|1|1256|1256
1|605028.SH|1|1257|1257
1|603995.SH|1|1258|1258
1|688102.SH|1|1259|1259
1|603648.SH|1|1260|1260
1|688691.SH|1|1261|1261
1|603239.SH|1|1262|1262
1|603331.SH|1|1263|1263
未知|920088.BJ|1|1264|1264
1|600846.SH|1|1265|1265
1|688286.SH|1|1266|1266
1|688601.SH|1|1267|1267
1|688009.SH|1|1268|1268
2|833394.BJ|1|1269|1269
1|603275.SH|1|1270|1270
1|603356.SH|1|1271|1271
1|688439.SH|1|1272|1272
1|603173.SH|1|1273|1273
1|688233.SH|1|1274|1274
2|873806.BJ|1|1275|1275
1|600966.SH|1|1276|1276
1|688598.SH|1|1277|1277
1|603978.SH|1|1278|1278
1|688658.SH|1|1279|1279
1|603167.SH|1|1280|1280
1|688403.SH|1|1281|1281
1|605186.SH|1|1282|1282
1|688002.SH|1|1283|1283
1|603079.SH|1|1284|1284
2|839725.BJ|1|1285|1285
2|836433.BJ|1|1286|1286
1|603307.SH|1|1287|1287
1|603329.SH|1|1288|1288
1|605289.SH|1|1289|1289
2|837046.BJ|1|1290|1290
1|603408.SH|1|1291|1291
1|688626.SH|1|1292|1292
1|688609.SH|1|1293|1293
1|603022.SH|1|1294|1294
1|688172.SH|1|1295|1295
1|605055.SH|1|1296|1296
2|836419.BJ|1|1297|1297
1|601965.SH|1|1298|1298
1|688549.SH|1|1299|1299
1|601512.SH|1|1300|1300
0|002484.SZ|1|1301|1301
1|601456.SH|1|1302|1302
1|600115.SH|1|1303|1303
1|600423.SH|1|1304|1304
1|603876.SH|1|1305|1305
1|603109.SH|1|1306|1306
0|002673.SZ|1|1307|1307
0|300261.SZ|1|1308|1308
0|000875.SZ|1|1309|1309
0|300224.SZ|1|1310|1310
0|002519.SZ|1|1311|1311
0|301091.SZ|1|1312|1312
1|601006.SH|1|1313|1313
0|002157.SZ|1|1314|1314
1|603766.SH|1|1315|1315
0|301021.SZ|1|1316|1316
1|601336.SH|1|1317|1317
0|002199.SZ|1|1318|1318
0|300757.SZ|1|1319|1319
1|600567.SH|1|1320|1320
0|300207.SZ|1|1321|1321
0|002715.SZ|1|1322|1322
1|603276.SH|1|1323|1323
0|002905.SZ|1|1324|1324
0|300081.SZ|1|1325|1325
0|001277.SZ|1|1326|1326
1|601225.SH|1|1327|1327
1|600732.SH|1|1328|1328
1|600889.SH|1|1329|1329
0|002698.SZ|1|1330|1330
1|600678.SH|1|1331|1331
0|300185.SZ|1|1332|1332
0|002926.SZ|1|1333|1333
1|605005.SH|1|1334|1334
1|603585.SH|1|1335|1335
1|603828.SH|1|1336|1336
1|600426.SH|1|1337|1337
0|002771.SZ|1|1338|1338
0|001395.SZ|1|1339|1339
1|603319.SH|1|1340|1340
0|002875.SZ|1|1341|1341
0|002001.SZ|1|1342|1342
0|300144.SZ|1|1343|1343
0|300819.SZ|1|1344|1344
1|601218.SH|1|1345|1345
1|600292.SH|1|1346|1346
0|300793.SZ|1|1347|1347
0|002120.SZ|1|1348|1348
1|603288.SH|1|1349|1349
1|603000.SH|1|1350|1350
0|300623.SZ|1|1351|1351
0|002843.SZ|1|1352|1352
1|600259.SH|1|1353|1353
0|300093.SZ|1|1354|1354
0|000627.SZ|1|1355|1355
0|300324.SZ|1|1356|1356
0|002337.SZ|1|1357|1357
1|603232.SH|1|1358|1358
0|003033.SZ|1|1359|1359
0|300747.SZ|1|1360|1360
0|000921.SZ|1|1361|1361
1|688049.SH|1|1362|1362
1|600256.SH|1|1363|1363
0|300411.SZ|1|1364|1364
0|000829.SZ|1|1365|1365
0|000677.SZ|1|1366|1366
0|002917.SZ|1|1367|1367
1|600009.SH|1|1368|1368
0|002055.SZ|1|1369|1369
1|603809.SH|1|1370|1370
1|600654.SH|1|1371|1371
0|300724.SZ|1|1372|1372
1|603605.SH|1|1373|1373
1|600062.SH|1|1374|1374
0|002210.SZ|1|1375|1375
1|600801.SH|1|1376|1376
0|002179.SZ|1|1377|1377
0|301173.SZ|1|1378|1378
0|002633.SZ|1|1379|1379
1|605589.SH|1|1380|1380
0|300595.SZ|1|1381|1381
0|300211.SZ|1|1382|1382
0|002362.SZ|1|1383|1383
0|300400.SZ|1|1384|1384
0|002103.SZ|1|1385|1385
0|300790.SZ|1|1386|1386
1|603444.SH|1|1387|1387
1|601798.SH|1|1388|1388
1|605133.SH|1|1389|1389
0|002829.SZ|1|1390|1390
1|603666.SH|1|1391|1391
0|002762.SZ|1|1392|1392
0|300499.SZ|1|1393|1393
0|300830.SZ|1|1394|1394
0|002506.SZ|1|1395|1395
0|002197.SZ|1|1396|1396
1|688599.SH|1|1397|1397
0|001218.SZ|1|1398|1398
1|601212.SH|1|1399|1399
0|300441.SZ|1|1400|1400
1|603408.SH|1|1401|1401
1|688626.SH|1|1402|1402
1|600694.SH|1|1403|1403
1|688609.SH|1|1404|1404
1|600683.SH|1|1405|1405
1|603022.SH|1|1406|1406
1|688172.SH|1|1407|1407
1|605055.SH|1|1408|1408
2|836419.BJ|1|1409|1409
1|601965.SH|1|1410|1410
1|688549.SH|1|1411|1411
1|601512.SH|1|1412|1412
1|688772.SH|1|1413|1413
1|600639.SH|1|1414|1414
2|830839.BJ|1|1415|1415
1|688132.SH|1|1416|1416
2|836957.BJ|1|1417|1417
1|603172.SH|1|1418|1418
1|600828.SH|1|1419|1419
1|600626.SH|1|1420|1420
1|603860.SH|1|1421|1421
1|688529.SH|1|1422|1422
1|600715.SH|1|1423|1423
1|603801.SH|1|1424|1424
1|688425.SH|1|1425|1425
1|603488.SH|1|1426|1426
1|688683.SH|1|1427|1427
1|688003.SH|1|1428|1428
1|688065.SH|1|1429|1429
未知|920019.BJ|1|1430|1430
1|601827.SH|1|1431|1431
1|688039.SH|1|1432|1432
1|688519.SH|1|1433|1433
1|688139.SH|1|1434|1434
1|605086.SH|1|1435|1435
1|688151.SH|1|1436|1436
1|688202.SH|1|1437|1437
1|603980.SH|1|1438|1438
1|603848.SH|1|1439|1439
1|688698.SH|1|1440|1440
1|688556.SH|1|1441|1441
1|603515.SH|1|1442|1442
2|833819.BJ|1|1443|1443
1|688559.SH|1|1444|1444
1|688716.SH|1|1445|1445
1|603177.SH|1|1446|1446
1|603387.SH|1|1447|1447
2|831305.BJ|1|1448|1448
1|603150.SH|1|1449|1449
1|600697.SH|1|1450|1450
1|603829.SH|1|1451|1451
1|688210.SH|1|1452|1452
1|600675.SH|1|1453|1453
2|835438.BJ|1|1454|1454
1|600831.SH|1|1455|1455
1|688272.SH|1|1456|1456
2|836414.BJ|1|1457|1457
1|603508.SH|1|1458|1458
1|688531.SH|1|1459|1459
1|603665.SH|1|1460|1460
1|688279.SH|1|1461|1461
1|688038.SH|1|1462|1462
1|600742.SH|1|1463|1463
1|605060.SH|1|1464|1464
1|603113.SH|1|1465|1465
1|603161.SH|1|1466|1466
1|688507.SH|1|1467|1467
1|603216.SH|1|1468|1468
1|603060.SH|1|1469|1469
1|603237.SH|1|1470|1470
1|603230.SH|1|1471|1471
1|603808.SH|1|1472|1472
1|688722.SH|1|1473|1473
1|688100.SH|1|1474|1474
1|688277.SH|1|1475|1475
1|603221.SH|1|1476|1476
1|688077.SH|1|1477|1477
1|603798.SH|1|1478|1478
1|603976.SH|1|1479|1479
1|688488.SH|1|1480|1480
2|830879.BJ|1|1481|1481
1|603311.SH|1|1482|1482
1|688106.SH|1|1483|1483
未知|920099.BJ|1|1484|1484
1|603358.SH|1|1485|1485
1|688550.SH|1|1486|1486
2|873167.BJ|1|1487|1487
1|688073.SH|1|1488|1488
1|688621.SH|1|1489|1489
1|600665.SH|1|1490|1490
1|605366.SH|1|1491|1491
2|832175.BJ|1|1492|1492
1|688575.SH|1|1493|1493
1|601368.SH|1|1494|1494
1|603170.SH|1|1495|1495
1|688588.SH|1|1496|1496
1|603786.SH|1|1497|1497
1|688300.SH|1|1498|1498
1|605389.SH|1|1499|1499
1|688255.SH|1|1500|1500
0|002296.SZ|1|1501|1501
1|603908.SH|1|1502|1502
0|300765.SZ|1|1503|1503
1|600373.SH|1|1504|1504
1|688017.SH|1|1505|1505
1|600812.SH|1|1506|1506
0|002421.SZ|1|1507|1507
0|002160.SZ|1|1508|1508
0|001208.SZ|1|1509|1509
1|600467.SH|1|1510|1510
1|600360.SH|1|1511|1511
0|000756.SZ|1|1512|1512
1|600674.SH|1|1513|1513
0|000983.SZ|1|1514|1514
0|002947.SZ|1|1515|1515
1|601928.SH|1|1516|1516
0|300684.SZ|1|1517|1517
0|003005.SZ|1|1518|1518
0|002253.SZ|1|1519|1519
0|301208.SZ|1|1520|1520
1|688273.SH|1|1521|1521
1|605337.SH|1|1522|1522
1|600862.SH|1|1523|1523
0|002745.SZ|1|1524|1524
0|300063.SZ|1|1525|1525
0|000429.SZ|1|1526|1526
1|603883.SH|1|1527|1527
0|301039.SZ|1|1528|1528
0|002601.SZ|1|1529|1529
0|301536.SZ|1|1530|1530
0|002557.SZ|1|1531|1531
1|688028.SH|1|1532|1532
0|002507.SZ|1|1533|1533
0|002558.SZ|1|1534|1534
0|000972.SZ|1|1535|1535
0|002090.SZ|1|1536|1536
1|600869.SH|1|1537|1537
0|002056.SZ|1|1538|1538
1|600012.SH|1|1539|1539
1|603038.SH|1|1540|1540
1|601800.SH|1|1541|1541
0|300688.SZ|1|1542|1542
1|688590.SH|1|1543|1543
0|002820.SZ|1|1544|1544
1|600449.SH|1|1545|1545
0|301012.SZ|1|1546|1546
0|300195.SZ|1|1547|1547
0|300341.SZ|1|1548|1548
未知|920060.BJ|1|1549|1549
1|601058.SH|1|1550|1550
0|000657.SZ|1|1551|1551
0|002398.SZ|1|1552|1552
0|002111.SZ|1|1553|1553
0|300571.SZ|1|1554|1554
1|600998.SH|1|1555|1555
0|002181.SZ|1|1556|1556
1|600301.SH|1|1557|1557
0|300624.SZ|1|1558|1558
0|300620.SZ|1|1559|1559
1|605122.SH|1|1560|1560
0|301557.SZ|1|1561|1561
1|603882.SH|1|1562|1562
1|603678.SH|1|1563|1563
0|300244.SZ|1|1564|1564
0|000620.SZ|1|1565|1565
1|688390.SH|1|1566|1566
0|300142.SZ|1|1567|1567
0|300231.SZ|1|1568|1568
1|603721.SH|1|1569|1569
0|000507.SZ|1|1570|1570
0|000948.SZ|1|1571|1571
0|002528.SZ|1|1572|1572
0|300860.SZ|1|1573|1573
0|002971.SZ|1|1574|1574
1|600219.SH|1|1575|1575
0|300457.SZ|1|1576|1576
0|002142.SZ|1|1577|1577
1|603966.SH|1|1578|1578
0|002521.SZ|1|1579|1579
1|600503.SH|1|1580|1580
1|600481.SH|1|1581|1581
1|600778.SH|1|1582|1582
0|002885.SZ|1|1583|1583
0|300078.SZ|1|1584|1584
0|000682.SZ|1|1585|1585
0|002434.SZ|1|1586|1586
0|000700.SZ|1|1587|1587
1|601799.SH|1|1588|1588
1|603317.SH|1|1589|1589
1|603528.SH|1|1590|1590
0|300503.SZ|1|1591|1591
1|688223.SH|1|1592|1592
0|002761.SZ|1|1593|1593
0|300898.SZ|1|1594|1594
0|300613.SZ|1|1595|1595
1|603803.SH|1|1596|1596
1|603027.SH|1|1597|1597
0|002141.SZ|1|1598|1598
0|002052.SZ|1|1599|1599
1|600350.SH|1|1600|1600
1|600741.SH|1|1601|1601
0|300591.SZ|1|1602|1602
0|002396.SZ|1|1603|1603
0|300933.SZ|1|1604|1604
0|002897.SZ|1|1605|1605
1|600859.SH|1|1606|1606
0|301175.SZ|1|1607|1607
1|601628.SH|1|1608|1608
0|301055.SZ|1|1609|1609
0|300501.SZ|1|1610|1610
1|600211.SH|1|1611|1611
1|603069.SH|1|1612|1612
0|002563.SZ|1|1613|1613
0|000572.SZ|1|1614|1614
1|600597.SH|1|1615|1615
1|603819.SH|1|1616|1616
0|002190.SZ|1|1617|1617
1|600315.SH|1|1618|1618
0|300396.SZ|1|1619|1619
1|600238.SH|1|1620|1620
0|301428.SZ|1|1621|1621
0|002217.SZ|1|1622|1622
0|002907.SZ|1|1623|1623
1|688288.SH|1|1624|1624
0|300563.SZ|1|1625|1625
0|300576.SZ|1|1626|1626
0|000821.SZ|1|1627|1627
1|603211.SH|1|1628|1628
0|000680.SZ|1|1629|1629
0|002385.SZ|1|1630|1630
0|000513.SZ|1|1631|1631
1|603087.SH|1|1632|1632
0|000966.SZ|1|1633|1633
1|603806.SH|1|1634|1634
1|600521.SH|1|1635|1635
1|603266.SH|1|1636|1636
0|000813.SZ|1|1637|1637
0|002097.SZ|1|1638|1638
0|300347.SZ|1|1639|1639
0|002815.SZ|1|1640|1640
0|001301.SZ|1|1641|1641
0|002222.SZ|1|1642|1642
0|300720.SZ|1|1643|1643
0|002533.SZ|1|1644|1644
1|605080.SH|1|1645|1645
1|600919.SH|1|1646|1646
1|600455.SH|1|1647|1647
0|300562.SZ|1|1648|1648
0|002106.SZ|1|1649|1649
1|605300.SH|1|1650|1650
1|600118.SH|1|1651|1651
0|000807.SZ|1|1652|1652
2|831010.BJ|1|1653|1653
0|300752.SZ|1|1654|1654
0|300921.SZ|1|1655|1655
1|688589.SH|1|1656|1656
1|600056.SH|1|1657|1657
1|603283.SH|1|1658|1658
0|300707.SZ|1|1659|1659
0|002689.SZ|1|1660|1660
1|603278.SH|1|1661|1661
0|002332.SZ|1|1662|1662
1|600996.SH|1|1663|1663
1|600754.SH|1|1664|1664
1|601061.SH|1|1665|1665
0|300134.SZ|1|1666|1666
0|000712.SZ|1|1667|1667
1|600215.SH|1|1668|1668
1|600894.SH|1|1669|1669
1|601198.SH|1|1670|1670
0|300061.SZ|1|1671|1671
0|301600.SZ|1|1672|1672
0|001314.SZ|1|1673|1673
1|603290.SH|1|1674|1674
0|300181.SZ|1|1675|1675
0|002383.SZ|1|1676|1676
1|600482.SH|1|1677|1677
1|603332.SH|1|1678|1678
0|300905.SZ|1|1679|1679
1|603320.SH|1|1680|1680
0|301277.SZ|1|1681|1681
1|688252.SH|1|1682|1682
1|603178.SH|1|1683|1683
1|600585.SH|1|1684|1684
0|300773.SZ|1|1685|1685
0|002546.SZ|1|1686|1686
0|300445.SZ|1|1687|1687
0|002824.SZ|1|1688|1688
0|300630.SZ|1|1689|1689
0|002104.SZ|1|1690|1690
0|002232.SZ|1|1691|1691
1|600497.SH|1|1692|1692
1|600549.SH|1|1693|1693
0|300568.SZ|1|1694|1694
1|600008.SH|1|1695|1695
0|002756.SZ|1|1696|1696
0|000017.SZ|1|1697|1697
0|300917.SZ|1|1698|1698
0|001872.SZ|1|1699|1699
1|603919.SH|1|1700|1700
0|000166.SZ|1|1701|1701
1|603700.SH|1|1702|1702
1|603158.SH|1|1703|1703
0|002170.SZ|1|1704|1704
1|600177.SH|1|1705|1705
0|002925.SZ|1|1706|1706
1|600161.SH|1|1707|1707
0|300337.SZ|1|1708|1708
0|300456.SZ|1|1709|1709
0|002737.SZ|1|1710|1710
0|300379.SZ|1|1711|1711
1|603556.SH|1|1712|1712
1|601898.SH|1|1713|1713
0|002380.SZ|1|1714|1714
0|000425.SZ|1|1715|1715
0|300315.SZ|1|1716|1716
0|301128.SZ|1|1717|1717
0|301361.SZ|1|1718|1718
1|601038.SH|1|1719|1719
0|300012.SZ|1|1720|1720
0|300053.SZ|1|1721|1721
1|600980.SH|1|1722|1722
0|000532.SZ|1|1723|1723
0|000539.SZ|1|1724|1724
0|000860.SZ|1|1725|1725
0|301036.SZ|1|1726|1726
0|300145.SZ|1|1727|1727
1|600007.SH|1|1728|1728
0|002552.SZ|1|1729|1729
0|002339.SZ|1|1730|1730
1|689009.SH|1|1731|1731
1|600621.SH|1|1732|1732
0|002395.SZ|1|1733|1733
0|000619.SZ|1|1734|1734
0|300592.SZ|1|1735|1735
0|000676.SZ|1|1736|1736
0|301121.SZ|1|1737|1737
1|603516.SH|1|1738|1738
0|300956.SZ|1|1739|1739
1|600650.SH|1|1740|1740
0|002766.SZ|1|1741|1741
1|603336.SH|1|1742|1742
0|300070.SZ|1|1743|1743
0|300918.SZ|1|1744|1744
1|600961.SH|1|1745|1745
1|603305.SH|1|1746|1746
0|300333.SZ|1|1747|1747
0|002474.SZ|1|1748|1748
1|603788.SH|1|1749|1749
0|002397.SZ|1|1750|1750
0|301322.SZ|1|1751|1751
1|603203.SH|1|1752|1752
1|603863.SH|1|1753|1753
1|600195.SH|1|1754|1754
0|000423.SZ|1|1755|1755
1|600312.SH|1|1756|1756
0|000830.SZ|1|1757|1757
1|600097.SH|1|1758|1758
0|000819.SZ|1|1759|1759
1|603538.SH|1|1760|1760
1|688126.SH|1|1761|1761
1|603375.SH|1|1762|1762
0|300723.SZ|1|1763|1763
1|600664.SH|1|1764|1764
1|601601.SH|1|1765|1765
0|300831.SZ|1|1766|1766
1|600169.SH|1|1767|1767
1|603153.SH|1|1768|1768
1|603390.SH|1|1769|1769
1|601108.SH|1|1770|1770
0|003043.SZ|1|1771|1771
0|002522.SZ|1|1772|1772
0|300131.SZ|1|1773|1773
1|603915.SH|1|1774|1774
1|603012.SH|1|1775|1775
1|603588.SH|1|1776|1776
1|600879.SH|1|1777|1777
0|300465.SZ|1|1778|1778
0|300316.SZ|1|1779|1779
0|301386.SZ|1|1780|1780
0|002676.SZ|1|1781|1781
0|002073.SZ|1|1782|1782
0|002938.SZ|1|1783|1783
0|001256.SZ|1|1784|1784
0|301120.SZ|1|1785|1785
1|603699.SH|1|1786|1786
1|600366.SH|1|1787|1787
0|301383.SZ|1|1788|1788
1|600328.SH|1|1789|1789
1|688298.SH|1|1790|1790
1|600582.SH|1|1791|1791
1|600022.SH|1|1792|1792
1|603711.SH|1|1793|1793
0|300173.SZ|1|1794|1794
0|300212.SZ|1|1795|1795
0|300677.SZ|1|1796|1796
0|002840.SZ|1|1797|1797
0|300775.SZ|1|1798|1798
0|300102.SZ|1|1799|1799
1|603042.SH|1|1800|1800
0|002685.SZ|1|1801|1801
0|300913.SZ|1|1802|1802
0|300320.SZ|1|1803|1803
0|300601.SZ|1|1804|1804
0|000933.SZ|1|1805|1805
0|002048.SZ|1|1806|1806
0|002067.SZ|1|1807|1807
1|601777.SH|1|1808|1808
0|300469.SZ|1|1809|1809
0|300787.SZ|1|1810|1810
1|601869.SH|1|1811|1811
0|000301.SZ|1|1812|1812
1|600490.SH|1|1813|1813
0|000503.SZ|1|1814|1814
0|300027.SZ|1|1815|1815
1|605138.SH|1|1816|1816
1|600529.SH|1|1817|1817
1|600307.SH|1|1818|1818
0|300118.SZ|1|1819|1819
1|600629.SH|1|1820|1820
1|603927.SH|1|1821|1821
0|002777.SZ|1|1822|1822
1|605228.SH|1|1823|1823
1|600776.SH|1|1824|1824
1|603650.SH|1|1825|1825
0|300154.SZ|1|1826|1826
0|002391.SZ|1|1827|1827
0|300769.SZ|1|1828|1828
0|300507.SZ|1|1829|1829
1|600581.SH|1|1830|1830
1|603123.SH|1|1831|1831
1|603719.SH|1|1832|1832
0|301085.SZ|1|1833|1833
1|603219.SH|1|1834|1834
1|600539.SH|1|1835|1835
0|001279.SZ|1|1836|1836
0|000797.SZ|1|1837|1837
1|600199.SH|1|1838|1838
1|688545.SH|1|1839|1839
1|600850.SH|1|1840|1840
0|002660.SZ|1|1841|1841
1|688629.SH|1|1842|1842
1|603683.SH|1|1843|1843
0|300853.SZ|1|1844|1844
1|600970.SH|1|1845|1845
0|300368.SZ|1|1846|1846
0|300618.SZ|1|1847|1847
0|300046.SZ|1|1848|1848
1|603110.SH|1|1849|1849
1|603456.SH|1|1850|1850
1|601699.SH|1|1851|1851
1|600132.SH|1|1852|1852
1|601156.SH|1|1853|1853
1|603341.SH|1|1854|1854
0|000096.SZ|1|1855|1855
0|300188.SZ|1|1856|1856
0|000839.SZ|1|1857|1857
1|601816.SH|1|1858|1858
0|300779.SZ|1|1859|1859
0|300602.SZ|1|1860|1860
0|002096.SZ|1|1861|1861
0|002531.SZ|1|1862|1862
0|002823.SZ|1|1863|1863
0|000417.SZ|1|1864|1864
0|002647.SZ|1|1865|1865
0|002649.SZ|1|1866|1866
0|300945.SZ|1|1867|1867
0|300842.SZ|1|1868|1868
1|600615.SH|1|1869|1869
1|600985.SH|1|1870|1870
1|600710.SH|1|1871|1871
1|600332.SH|1|1872|1872
0|301487.SZ|1|1873|1873
0|000571.SZ|1|1874|1874
0|301421.SZ|1|1875|1875
0|300816.SZ|1|1876|1876
1|603520.SH|1|1877|1877
0|002030.SZ|1|1878|1878
0|002779.SZ|1|1879|1879
0|300351.SZ|1|1880|1880
1|605068.SH|1|1881|1881
0|002792.SZ|1|1882|1882
1|600216.SH|1|1883|1883
0|002567.SZ|1|1884|1884
0|000962.SZ|1|1885|1885
1|600598.SH|1|1886|1886
1|601236.SH|1|1887|1887
1|600380.SH|1|1888|1888
1|600971.SH|1|1889|1889
1|603866.SH|1|1890|1890
0|000777.SZ|1|1891|1891
0|000995.SZ|1|1892|1892
0|300661.SZ|1|1893|1893
1|601916.SH|1|1894|1894
0|002691.SZ|1|1895|1895
0|300284.SZ|1|1896|1896
2|834682.BJ|1|1897|1897
1|603103.SH|1|1898|1898
1|603607.SH|1|1899|1899
1|603612.SH|1|1900|1900
0|301498.SZ|1|1901|1901
0|300148.SZ|1|1902|1902
0|301297.SZ|1|1903|1903
0|000151.SZ|1|1904|1904
0|000426.SZ|1|1905|1905
0|300598.SZ|1|1906|1906
0|002957.SZ|1|1907|1907
1|603825.SH|1|1908|1908
0|300539.SZ|1|1909|1909
1|688553.SH|1|1910|1910
0|002294.SZ|1|1911|1911
1|603355.SH|1|1912|1912
1|601330.SH|1|1913|1913
1|603383.SH|1|1914|1914
1|600535.SH|1|1915|1915
1|603214.SH|1|1916|1916
1|600130.SH|1|1917|1917
0|000811.SZ|1|1918|1918
1|603859.SH|1|1919|1919
0|002939.SZ|1|1920|1920
1|600763.SH|1|1921|1921
0|300092.SZ|1|1922|1922
1|600527.SH|1|1923|1923
0|002878.SZ|1|1924|1924
0|301126.SZ|1|1925|1925
0|002310.SZ|1|1926|1926
0|300082.SZ|1|1927|1927
1|600704.SH|1|1928|1928
1|603998.SH|1|1929|1929
1|600764.SH|1|1930|1930
0|000908.SZ|1|1931|1931
0|300511.SZ|1|1932|1932
0|001389.SZ|1|1933|1933
0|002458.SZ|1|1934|1934
1|603589.SH|1|1935|1935
1|688622.SH|1|1936|1936
1|603950.SH|1|1937|1937
1|603369.SH|1|1938|1938
0|300888.SZ|1|1939|1939
1|601089.SH|1|1940|1940
0|002134.SZ|1|1941|1941
1|603712.SH|1|1942|1942
0|002414.SZ|1|1943|1943
0|002431.SZ|1|1944|1944
1|600019.SH|1|1945|1945
0|002465.SZ|1|1946|1946
0|300971.SZ|1|1947|1947
1|688165.SH|1|1948|1948
0|002010.SZ|1|1949|1949
1|603739.SH|1|1950|1950
1|600516.SH|1|1951|1951
0|301408.SZ|1|1952|1952
1|601116.SH|1|1953|1953
0|300525.SZ|1|1954|1954
1|688766.SH|1|1955|1955
0|002643.SZ|1|1956|1956
1|600422.SH|1|1957|1957
2|839680.BJ|1|1958|1958
0|300096.SZ|1|1959|1959
0|000915.SZ|1|1960|1960
0|000516.SZ|1|1961|1961
0|301349.SZ|1|1962|1962
0|002997.SZ|1|1963|1963
0|301551.SZ|1|1964|1964
1|601677.SH|1|1965|1965
2|873576.BJ|1|1966|1966
1|600258.SH|1|1967|1967
1|600622.SH|1|1968|1968
1|603198.SH|1|1969|1969
1|601033.SH|1|1970|1970
1|600578.SH|1|1971|1971
0|300655.SZ|1|1972|1972
0|002483.SZ|1|1973|1973
0|000998.SZ|1|1974|1974
1|600918.SH|1|1975|1975
0|002059.SZ|1|1976|1976
0|000750.SZ|1|1977|1977
0|300399.SZ|1|1978|1978
0|300663.SZ|1|1979|1979
1|603086.SH|1|1980|1980
1|600714.SH|1|1981|1981
1|603906.SH|1|1982|1982
0|000008.SZ|1|1983|1983
0|300390.SZ|1|1984|1984
2|838837.BJ|1|1985|1985
0|300146.SZ|1|1986|1986
1|603486.SH|1|1987|1987
1|688208.SH|1|1988|1988
0|002061.SZ|1|1989|1989
1|603813.SH|1|1990|1990
0|000820.SZ|1|1991|1991
0|300037.SZ|1|1992|1992
0|300413.SZ|1|1993|1993
0|002517.SZ|1|1994|1994
0|003032.SZ|1|1995|1995
1|603322.SH|1|1996|1996
0|301368.SZ|1|1997|1997
0|300130.SZ|1|1998|1998
1|603324.SH|1|1999|1999
1|601908.SH|1|2000|2000
0|301011.SZ|1|2001|2001
0|300608.SZ|1|2002|2002
0|300527.SZ|1|2003|2003
1|600138.SH|1|2004|2004
1|605333.SH|1|2005|2005
0|000786.SZ|1|2006|2006
0|300680.SZ|1|2007|2007
1|688433.SH|1|2008|2008
0|301225.SZ|1|2009|2009
0|300109.SZ|1|2010|2010
1|600876.SH|1|2011|2011
0|301325.SZ|1|2012|2012
1|601233.SH|1|2013|2013
0|300567.SZ|1|2014|2014
0|300964.SZ|1|2015|2015
1|603421.SH|1|2016|2016
0|300003.SZ|1|2017|2017
0|000762.SZ|1|2018|2018
0|000637.SZ|1|2019|2019
0|300629.SZ|1|2020|2020
0|002839.SZ|1|2021|2021
0|300050.SZ|1|2022|2022
0|000901.SZ|1|2023|2023
0|300076.SZ|1|2024|2024
1|600158.SH|1|2025|2025
0|002635.SZ|1|2026|2026
0|001306.SZ|1|2027|2027
0|002731.SZ|1|2028|2028
1|603759.SH|1|2029|2029
0|300168.SZ|1|2030|2030
0|002554.SZ|1|2031|2031
0|002033.SZ|1|2032|2032
1|603958.SH|1|2033|2033
1|603194.SH|1|2034|2034
0|002320.SZ|1|2035|2035
1|600416.SH|1|2036|2036
0|002274.SZ|1|2037|2037
1|605296.SH|1|2038|2038
0|002958.SZ|1|2039|2039
0|300191.SZ|1|2040|2040
0|002662.SZ|1|2041|2041
1|603698.SH|1|2042|2042
0|300250.SZ|1|2043|2043
0|002114.SZ|1|2044|2044
1|600644.SH|1|2045|2045
0|002348.SZ|1|2046|2046
1|600299.SH|1|2047|2047
1|603345.SH|1|2048|2048
1|603273.SH|1|2049|2049
1|600829.SH|1|2050|2050
0|002936.SZ|1|2051|2051
0|002488.SZ|1|2052|2052
0|300957.SZ|1|2053|2053
0|002153.SZ|1|2054|2054
0|300311.SZ|1|2055|2055
0|002305.SZ|1|2056|2056
1|600871.SH|1|2057|2057
0|000936.SZ|1|2058|2058
1|605358.SH|1|2059|2059
0|300894.SZ|1|2060|2060
0|300045.SZ|1|2061|2061
0|300999.SZ|1|2062|2062
1|605033.SH|1|2063|2063
1|603122.SH|1|2064|2064
0|002990.SZ|1|2065|2065
0|001380.SZ|1|2066|2066
0|300408.SZ|1|2067|2067
1|600338.SH|1|2068|2068
1|605155.SH|1|2069|2069
0|002068.SZ|1|2070|2070
0|002422.SZ|1|2071|2071
1|603536.SH|1|2072|2072
0|300761.SZ|1|2073|2073
0|300272.SZ|1|2074|2074
0|300872.SZ|1|2075|2075
0|301095.SZ|1|2076|2076
0|002034.SZ|1|2077|2077
0|301301.SZ|1|2078|2078
1|600560.SH|1|2079|2079
0|002975.SZ|1|2080|2080
0|002224.SZ|1|2081|2081
0|002051.SZ|1|2082|2082
0|002256.SZ|1|2083|2083
0|000738.SZ|1|2084|2084
0|002289.SZ|1|2085|2085
1|601866.SH|1|2086|2086
0|002960.SZ|1|2087|2087
0|300722.SZ|1|2088|2088
0|002993.SZ|1|2089|2089
0|002251.SZ|1|2090|2090
1|600595.SH|1|2091|2091
1|603738.SH|1|2092|2092
0|300386.SZ|1|2093|2093
0|300278.SZ|1|2094|2094
0|300508.SZ|1|2095|2095
1|603077.SH|1|2096|2096
1|603131.SH|1|2097|2097
1|600032.SH|1|2098|2098
1|601921.SH|1|2099|2099
1|600667.SH|1|2100|2100
